20190220
20190219
20190218
20190217
20190216
20190215
20190214
20190213
20190212
20190211
20190210
20190209
20190208
20190207
20190206
20190205
20190204
20190203
20190202
20190201
20190131
20190130
20190129
20190128
20190127
20190126
20190125
20190124
20190123
20190122
20190121
20190120
20190119
20190118
20190117
20190116
20190115
20190114
20190113
20190112
20190111
20190110
20190109
20190108
20190107
20190106
20190105
20190104
20190103
20190102
20190101
20181231
20181230
20181229
20181228
20181227
20181226
20181225
20181224
20181223
20181222
20181221
20181220
20181219
20181218
20181217
20181216
20181215
20181214
20181213
20181212
20181211
20181210
20181209
20181208
20181207
20181206
20181205
20181204
20181203
20181202
20181201
20181130
20181129
20181128
20181127
20181126
20181125
20181124
20181123
20181122
20181121
20181120
20181119
20181118
20181117
20181116
20181115
20181114
20181113
20181112
20181111
20181110
20181109
20181108
20181107
20181106
20181105
20181104
20181103
20181102
20181101
20181031
20181030
20181029
20181028
20181027
20181026
20181025
20181024
20181023
20181022
20181021
20181020
20181019
20181018
20181017
20181016
20181015
20181014
20181013
20181012
20181011
20181010
20181009
20181008
20181007
20181006
20181005
20181004
20181003
20181002
20181001
20180930
20180929
20180928
20180927
20180926
20180925
20180924
20180923
20180922
20180921
20180920
20180919
20180918
20180917
20180916
20180915
20180914
20180913
20180912
20180911
20180910
20180909
20180908
20180907
20180906
20180905
20180904
20180903
20180902
20180901
20180831
20180830
20180829
20180828
20180827
20180826
20180825
20180824
20180823
20180822
20180821
20180820
20180819
20180818
20180817
20180816
20180815
20180814
20180813
20180812
20180811
20180810
20180809
20180808
20180807
20180806
20180805
20180804
20180803
20180802
20180801
20180731
20180730
20180729
20180728
20180727
20180726
20180725
20180724
20180723
20180722
20180721
20180720
20180719
20180718
20180717
20180716
20180715
20180714
20180713
20180712
20180711
20180710
20180709
20180708
20180707
20180706
20180705
20180704
20180703
20180702
20180701
20180630
20180629
20180628
20180627
20180626
20180625
20180624
20180623
20180622
20180621
20180620
20180619
20180618
20180617
20180616
20180615
20180614
20180613
20180612
20180611
20180610
20180609
20180608
20180607
20180606
20180605
20180604
20180603
20180602
20180601
20180531
20180530
20180529
20180528
20180527
20180526
20180525
20180524
20180523
20180522
20180521
20180520
20180519
20180518
20180517
20180516
20180515
20180514
20180513
20180512
20180511
20180510
20180509
20180508
20180507
20180506
20180505
20180504
20180503
20180502
20180501
20180430
20180429
20180428
20180427
20180426
20180425
20180424
20180423
20180422
20180421
20180420
20180419
20180418
20180417
20180416
20180415
20180414
20180413
20180412
20180411
20180410
20180409
20180408
20180407
20180406
20180405
20180404
20180403
20180402
20180401
20180331
20180330
20180329
20180328
20180327
20180326
20180325
20180324
20180323
20180322
20180321
20180320
20180319
20180318
20180317
20180316
20180315
20180314
20180313
20180312
20180311
20180310
20180309
20180308
20180307
20180306
20180305
20180304
20180303
20180302
20180301
20180228
20180227
20180226
20180225
20180224
20180223
20180222
20180221
20180220
20180219
20180218
20180217
20180216
20180215
20180214
20180213
20180212
20180211
20180210
20180209
20180208
20180207
20180206
20180205
20180204
20180203
20180202
20180201
20180131
20180130
20180129
20180128
20180127
20180126
20180125
20180124
20180123
20180122
20180121
20180120
20180119
20180118
20180117
20180116
20180115
20180114
20180113
20180112
20180111
20180110
20180109
20180108
20180107
20180106
20180105
20180104
20180103
20180102
20180101
20171231
20171230
20171229
20171228
20171227
20171226
20171225
20171224
20171223
20171222
20171221
20171220
20171219
20171218
20171217
20171216
20171215
20171214
20171213
20171212
20171211
20171210
20171209
20171208
20171207
20171206
20171205
20171204
20171203
20171202
20171201
20171130
20171129
20171128
20171127
20171126
20171125
20171124
20171123
20171122
20171121
20171120
20171119
20171118
20171117
20171116
20171115
20171114
20171113
20171112
20171111
20171110
20171109
20171108
20171107
20171106
20171105
20171104
20171103
20171102
20171101
20171031
20171030
20171029
20171028
20171027
20171026
20171025
20171024
20171023
20171022
20171021
20171020
20171019
20171018
20171017
20171016
20171015
20171014
20171013
20171012
20171011
20171010
20171009
20171008
20171007
20171006
20171005
20171004
20171003
20171002
20171001
20170930
20170929
20170928
20170927
20170926
20170925
20170924
20170923
20170922
20170921
20170920
20170919
20170918
20170917
20170916
20170915
20170914
20170913
20170912
20170911
20170910
20170909
20170908
20170907
20170906
20170905
20170904
20170903
20170902
20170901
20170831
20170830
20170829
20170828
20170827
20170826
20170825
20170824
20170823
20170822
20170821
20170820
20170819
20170818
20170817
20170816
20170815
20170814
20170813
20170812
20170811
20170810
20170809
20170808
20170807
20170805
20170804
20170803
20170802
20170801
20170731
20170730
20170729
20170728
20170727
20170726
20170725
20170724
20170723
20170722
20170721
20170720
20170719
20170718
20170717
20170716
20170715
20170714
20170713
20170712
20170711
20170710
20170709
20170708
20170707
20170706
20170705
20170704
20170703
20170702
20170701
20170630
20170629
20170628
20170627
20170626
20170625
20170624
20170623
20170622
20170621
20170620
20170619
20170618
20170617
20170616
20170615
20170614
20170613
20170612
20170611
20170610
20170609
20170608
20170607
20170606
20170605
20170604
20170603
20170602
20170601
20170531
20170530
20170529
20170528
20170527
20170526
20170525
20170524
20170523
20170522
20170521
20170520
20170519
20170518
20170517
20170516
20170515
20170514
20170513
20170512
20170511
20170510
20170509
20170508
20170507
20170506
20170505
20170504
20170503
20170502
20170501
20170430
20170429
20170428
20170427
20170426
20170425
20170424
20170423
20170422
20170421
20170420
20170419
20170418
20170417
20170416
20170415
20170414
20170413
20170412
20170411
20170410
20170409
20170408
20170407
20170406
20170405
20170404
20170403
20170402
20170401
20170331
20170330
20170329
20170328
20170327
20170326
20170325
20170324
20170323
20170322
20170321
20170320
20170319
20170318
20170317
20170316
20170315
20170314
20170313
20170312
20170311
20170310
20170309
20170308
20170307
20170306
20170305
20170304
20170303
20170302
20170301
20170228
20170227
20170226
20170225
20170224
20170223
20170222
20170221
20170220
20170219
20170218
20170217
20170216
20170215
20170214
20170213
20170212
20170211
20170210
20170209
20170208
20170207
20170206
20170205
20170204
20170203
20170202
20170201
20170131
20170129
20170128
20170127
20170126
20170125
20170124
20170123
20170122
20170121
20170120
20170119
20170118
20170117
20170116
20170115
20170114
20170113
20170112
20170111
20170110
20170109
20170108
20170107
20170106
20170105
20170104
20170103
20170102
20170101
20161231
20161230
20161229
20161228
20161227
20161226
20161225
20161224
20161223
20161222
20161221
20161220
20161219
20161218
20161217
20161216
20161215
20161214
20161213
20161212
20161211
20161210
20161209
20161208
20161207
20161206
20161205
20161204
20161203
20161202
20161201
20161130
20161129
20161128
20161127
20161126
20161125
20161124
20161123
20161122
20161121
20161120
20161119
20161118
20161117
20161116
20161115
20161114
20161113
20161112
20161111
20161110
20161109
20161108
20161107
20161106
20161105
20161104
20161103
20161102
20161101
20161031
20161030
20161029
20161028
20161027
20161026
20161025
20161024
20161023
20161022
20161021
20161020
20161019
20161018
20161017
20161016
20161015
20161014
20161013
20161012
20161011
20161010
20161009
20161008
20161007
20161006
20161005
20161004
20161003
20161002
20161001
20160930
20160929
20160928
20160927
20160926
20160925
20160924
20160923
20160922
20160921
20160920
20160919
20160918
20160917
20160916
20160915
20160914
20160913
20160912
20160911
20160910
20160909
20160908
20160907
20160906
20160905
20160904
20160903
20160902
20160901
20160831
20160830
20160829
20160828
20160827
20160826
20160825
20160824
20160823
20160822
20160821
20160820
20160819
20160818
20160817
20160816
20160815
20160814
20160813
20160812
20160811
20160810
20160809
20160808
20160807
20160806
20160805
20160804
20160803
20160802
20160801
20160731
20160730
20160729
20160728
20160727
20160726
20160725
20160724
20160723
20160722
20160721
20160720
20160719
20160718
20160717
20160716
20160715
20160714
20160713
20160712
20160711
20160710
20160709
20160708
20160707
20160706
20160705
20160704
20160703
20160702
20160701
20160630
20160629
20160628
20160627
20160626
20160625
20160624
20160623
20160622
20160621
20160620
20160619
20160618
20160617
20160616
20160615
20160614
20160613
20160612
20160611
20160610
20160609
20160608
20160607
20160606
20160605
20160604
20160603
20160602
20160601
20160531
20160530
20160529
20160528
20160527
20160526
20160525
20160524
20160523
20160522
20160521
20160520
20160519
20160518
20160517
20160516
20160515
20160514
20160513
20160512
20160511
20160510
20160509
20160508
20160507
20160506
20160505
20160504
20160503
20160502
20160501
20160430
20160429
20160428
20160427
20160426
20160425
20160424
20160423
20160422
20160421
20160420
20160419
20160418
20160417
20160416
20160415
20160414
20160413
20160412
20160411
20160410
20160409
20160408
20160407
20160406
20160405
20160404
20160403
20160402
20160401
20160331
20160330
20160329
20160328
20160327
20160326
20160325
20160323
20160322
20160321
20160320
20160319
20160318
20160317
20160316
20160315
20160314
20160313
20160312
20160311
20160310
20160309
20160308
20160307
20160306
20160305
20160304
20160303
20160302
20160301
20160229
20160228
20160227
20160226
20160225
20160224
20160223
20160222
20160221
20160220
20160219
20160218
20160217
20160216
20160215
20160214
20160213
20160212
20160211
20160210
20160209
20160208
20160207
20160206
20160205
20160204
20160203
20160202
20160201
20160131
20160130
20160129
20160128
20160127
20160126
20160125
20160124
20160123
20160122
20160121
20160120
20160119
20160118
20160117
20160116
20160115
20160114
20160113
20160112
20160111
20160110
20160109
20160108
20160107
20160106
20160105
20160104
20160103
20160102
20160101
20151231
20151230
20151229
20151228
20151227
20151226
20151225
20151224
20151223
20151222
20151221
20151220
20151219
20151218
20151217
20151216
20151215
20151214
20151213
20151212
20151211
20151210
20151209
20151208
20151207
20151206
20151205
20151204
20151203
20151202
20151201
20151130
20151129
20151128
20151127
20151126
20151125
20151124
20151123
20151122
20151121
20151120
20151119
20151118
20151117
20151116
20151115
20151114
20151113
20151112
20151111
20151110
20151109
20151108
20151107
20151106
20151105
20151104
20151103
20151102
20151101
20151031
20151030
20151029
20151028
20151027
20151026
20151025
20151024
20151023
20151022
20151021
20151020
20151019
20151018
20151017
20151016
20151015
20151014
20151013
20151012
20151011
20151010
20151009
20151008
20151007
20151006
20151005
20151004
20151003
20151002
20151001
20150930
20150929
20150928
20150927
20150926
20150925
20150924
20150923
20150922
20150921
20150920
20150919
20150918
20150917
20150916
20150915
20150914
20150913
20150912
20150911
20150910
20150909
20150908
20150907
20150906
20150905
20150904
20150903
20150902
20150901
20150831
20150830
20150829
20150828
20150827
20150826
20150825
20150824
20150823
20150822
20150821
20150820
20150819
20150818
20150817
20150816
20150815
20150814
20150813
20150812
20150811
20150810
20150809
20150808
20150807
20150806
20150805
20150804
20150803
20150802
20150801
20150731
20150730
20150729
20150728
20150727
20150726
20150725
20150724
20150723
20150722
20150721
20150720
20150719
20150718
20150717
20150716
20150715
20150714
20150713
20150712
20150711
20150710
20150709
20150708
20150707
20150706
20150705
20150704
20150703
20150702
20150701
20150630
20150629
20150628
20150627
20150626
20150625
20150624
20150623
20150622
20150621
20150620
20150619
20150618
20150617
20150616
20150615
20150614
20150613
20150612
20150611
20150610
20150609
20150608
20150607
20150606
20150605
20150604
20150603
20150602
20150601
20150531
20150530
20150529
20150528
20150527
20150526
20150525
20150524
20150523
20150522
20150521
20150520
20150519
20150518
20150517
20150516
20150515
20150514
20150513
20150512
20150511
20150510
20150509
20150508
20150507
20150506
20150505
20150504
20150503
20150502
20150501
20150430
20150429
20150428
20150427
20150426
20150425
20150424
20150423
20150422
20150421
20150420
20150419
20150418
20150417
20150416
20150415
20150414
20150413
20150412
20150411
20150410
20150409
20150408
20150407
20150406
20150405
20150404
20150403
20150402
20150401
20150331
20150330
20150329
20150328
20150327
20150326
20150325
20150324
20150323
20150322
20150321
20150320
20150319
20150318
20150317
20150316
20150315
20150314
20150313
20150312
20150311
20150310
20150309
20150308
20150307
20150306
20150305
20150304
20150303
20150302
20150301
20150228
20150227
20150226
20150225
20150224
20150223
20150222
20150221
20150220
20150219
20150218
20150217
20150216
20150215
20150214
20150213
20150212
20150211
20150210
20150209
20150208
20150207
20150206
20150205
20150204
20150203
20150202
20150201
20150131
20150130
20150129
20150128
20150127
20150126
20150125
20150124
20150123
20150122
20150121
20150120
20150119
20150118
20150117
20150116
20150115
20150114
20150113
20150112
20150111
20150110
20150109
20150108
20150107
20150106
20150105
20150104
20150103
20150102
20150101
20141231
20141230
20141229
20141228
20141227
20141226
20141225
20141224
20141223
20141222
20141221
20141220
20141219
20141218
20141217
20141216
20141215
20141214
20141213
20141212
20141211
20141210
20141209
20141208
20141207
20141206
20141205
20141204
20141202
20141201
20141130
20141129
20141128
20141127
20141126
20141125
20141124
20141123
20141122
20141121
20141120
20141119
20141118
20141117
20141116
20141115
20141114
20141113
20141112
20141111
20141110
20141109
20141108
20141107
20141106
20141105
20141104
20141103
20141102
20141101
20141031
20141030
20141029
20141028
20141027
20141026
20141025
20141024
20141023
20141022
20141021
20141020
20141019
20141018
20141017
20141016
20141015
20141014
20141013
20141012
20141011
20141010
20141009
20141008
20141007
20141006
20141005
20141004
20141003
20141002
20141001
20140930
20140929
20140928
20140927
20140926
20140925
20140924
20140923
20140922
20140921
20140920
20140919
20140918
20140917
20140916
20140915
20140914
20140913
20140912
20140911
20140910
20140909
20140908
20140907
20140906
20140905
20140904
20140903
20140902
20140901
20140831
20140830
20140829
20140828
20140827
20140826
20140825
20140824
20140823
20140822
20140821
20140820
20140819
20140818
20140817
20140816
20140815
20140814
20140813
20140812
20140811
20140810
20140809
20140808
20140807
20140806
20140805
20140804
20140803
20140802
20140801
20140731
20140730
20140729
20140728
20140727
20140726
20140725
20140724
20140723
20140722
20140721
20140720
20140719
20140718
20140717
20140716
20140715
20140714
20140713
20140712
20140711
20140710
20140709
20140708
20140707
20140706
20140705
20140704
20140703
20140702
20140701
20140630
20140629
20140628
20140627
20140626
20140625
20140624
20140623
20140622
20140621
20140620
20140619
20140618
20140617
20140616
20140615
20140614
20140613
20140612
20140611
20140610
20140609
20140608
20140607
20140606
20140605
20140604
20140603
20140602
20140601
20140531
20140530
20140529
20140528
20140527
20140526
20140525
20140524
20140523
20140522
20140521
20140520
20140519
20140518
20140517
20140516
20140515
20140514
20140513
20140512
20140511
20140510
20140509
20140508
20140507
20140506
20140505
20140504
20140503
20140502
20140501
20140430
20140429
20140428
20140427
20140426
20140425
20140424
20140423
20140422
20140420
20140418
20140416
20140415
20140414
20140413
20140412
20140411
20140410
20140409
20140408
20140407
20140406
20140404
20140403
20140402
20140401
20140331
20140326
20140325
20140324
20140323
20140322
20140321
20140320
20140319
20140318
20140317
20140316
20140315
20140314
20140313
20140312
20140311
20140310
20140309
20140308
20140307
20140306
20140305
20140304
20140303
20140302
20140301
20140228
20140227
20140226
20140225
20140224
20140223
20140222
20140221
20140220
20140219
20140218
20140217
20140216
20140215
20140214
20140213
20140212
20140211
20140210
20140209
20140208
20140207
20140206
20140205
20140204
20140203
20140202
20140201
20140131
20140130
20140129
20140128
20140127
20140126
20140125
20140124
20140123
20140122
20140121
20140120
20140118
20140117
20140116
20140115
20140114
20140113
20140111
20140110
20140109
20140108
20140107
20140106
20140104
20140103
20140102
20140101
20131231
20131230
20131228
20131227
20131226
20131225
20131224
20131223
20131221
20131220
20131219
20131218
20131217
20131216
20131214
20131213
20131212
20131211
20131210
20131209
20131207
20131206
20131205
20131204
20131203
20131202
20131130
20131129
20131128
20131127
20131126
20131125
20131123
20131122
20131121
20131120
20131119
20131118
20131116
20131115
20131114
20131113
20131112
20131111
20131109
20131108
20131107
20131106
20131105
20131104
20131102
20131101
20131031
20131030
20131029
20131028
20131026
20131025
20131024
20131023
20131022
20131021
20131019
20131018
20131017
20131016
20131015
20131014
20131012
20131011
20131010
20131009
20131008
20130930
20130929
20130927
20130926
20130925
20130924
20130923
20130922
20130918
20130917
20130916
20130914
20130913
20130912
20130911
20130910
20130909
20130907
20130906
20130905
20130904
20130903
20130902
20130831
20130830
20130829
20130828
20130827
20130826
20130824
20130823
20130822
20130821
20130820
20130819
20130817
20130816
20130815
20130814
20130813
20130812
20130810
20130809
20130808
20130807
20130806
20130805
20130803
20130802
20130801
20130731
20130729
20130727
20130726
20130725
20130724
20130723
20130722
20130720
20130719
20130718
20130717
20130716
20130715
20130713
20130712
20130711
20130710
20130709
20130708
20130706
20130705
20130704
20130703
20130702
20130701
20130629
20130628
20130627
20130626
20130625
20130624
20130622
20130621
20130620
20130619
20130618
20130617
20130615
20130614
20130613
20130612
20130611
20130610
20130608
20130607
20130606
20130605
20130604
20130603
20130601
20130531
20130530
20130529
20130528
20130527
20130525
20130524
20130523
